2151
2158
2160
2161
2162
2163
2225
2408
2409
2472
2495
2514
2526
2543
2545
2547
2554
2555
2556
2586
2587
2588
2640
2670
2755
2756
2757
2758
2759
2760
2761
2762
2763
2764
2765
2766
2767
2768
2769
2770
2771
2773
2774
2775
2776
2777
2778
2779
2780
2781
2782
2783
2784
2785
2787
2788
2789
2790
2791
2792
2793
2794
2795
2796
2799
2800
2801
2802
2803
2804
2805
2806
2807
2808
2809
2811
2816
2817
2818
2820
2821
2822
2823
2824
2825
2826
2829
2830
2831
2832
2833
2839
2841
2843
2845
2847
2848
2849
2850
2851
2852
2853
2854
2855
2856
2857
2859
2860
2861
2862
2863
2864
2865
2866
2867
2868
2869
2871
2872
2873
2874
2875
2876
2877
2878
2880
2882
2883
2885
2886
2888
2890
2891
2893
2895
2897
2898
2899
2900
2901
2902
2903
2904
2905
2906
2907
2908
2909
2910
2911
2912
2914
2915
2916
2917
2918
2919
2920
2921
2922
2923
2924
2926
2927
2928
2929
2930
2931
2932
2933
2934
2935
2936
2937
2938
2939
2940
2941
2942
2943
2944
2945
2946
2947
2949
2950
2951
2953
2954
2961
2964
2965
2966
2967
2968
2969
2970
2971
2972
2973
2974
2975
2976
2977
2979
2980
2982
2984
2985
2986
2987
2988
2989
2990
2991
2992
2993
2994
2995
2996
2997
2998
2999
3001
3002
3003
3004
3006
3008
3009
3010
3011
3013
3014
3015
3016
3018
3019
3020
3021
3022
3023
3024
3025
3026
3027
3028
3029
3030
3031
3032
3033
3034
3035
3036
3037
3038
3039
3041
3042
3043
3044
3045
3046
3047
3048
3049
3050
3051
3052
3053
3054
3059
3060
3062
3063
3064
3067
3069
3070
3071
3073
3075
3076
3077
3082
3083
3085
3086
3089
3093
3095
3098
3100
3102
3103
3104
3105
3106
3107
3109
3110
3120
3124
3125
3129
3130
3131
3133
3134
3139
3148
3156
3158
3160
3166
3171
3172
3176
3177
3178
3182
3183
3185
3186
3188
3191
3195
3197
3221
3222
3227
3229
3230
3231
3232
3233
3234
3235
3236
3237
3238
3243
3244
3251
3265
3267
3273
3282
3283
3285
3295
3296
3297
3300
3301
3302
3308
3309
3310
3313
3316
3320
3323
3325
3326
3328
3330
3331
3333
3334
3335
3337
3338
3341
3342
3343
3345
3346
3349
3351
3353
3356
3357
3360
3362
3366
3367
3369
3372
3373
3375
3377
3378
3379
3381
3383
3384
3385
3389
3391
3392
3393
3395
3397
3398
3399
3401
3403
3404
3405
3406
3407
3408
3410
3415
3416
3417
3420
3421
3422
3423
3426
3427
3428
3429
3430
3431
3432
3435
3436
3437
3438
3445
3446
3448
3449
3453
3472
3479
3496
3509
3510
3519
3521
3526
3532
3533
3540
3544
3545
3565
3566
3567
3570
3574
3581
3584
3607
3609
3633
3648
3655
3658
3659
3660
3665
3670
3676
3677
3678
3683
3685
3691
3696
3701
3702
3704
3708
3724
3730
3734
3735
3736
3739
3740
3741
3743
3744
3747
3748
3761
3770
3772
3775
3789
3790
3791
3795
3796
3797
3803
3806
3807
3808
3809
3814
3817
3819
3820
3823
3824
3832
3839
3842
3858
3859
3860
3869
3870
3875
3878
3879
3884
3886
3889
3890
3891
3892
3893
3895
3898
3899
3904
3905
3906
3907
3909
3910
3911
3912
3913
3914
3915
3916
3917
3918
3919
3920
3921
3922
3923
3924
3925
3926
3927
3928
3929
3930
3931
3932
3933
3936
3938
3939
3941
3942
3943
3947
3951
3954
3958
3999
4006
4009
4016
4055
4057
4062
4063
4075
4077
4082
4086
4087
4088
4093
4097
4098
4104
4109
4112
4116
4123
4134
4157
4185
4186
4187
4190
4203
4205
4207
4220
4239
4254
4259
4279
4282
4284
4287
4293
4297
4300
4301
4302
4305
4312
4317
4319
4323
4328
4331
4337
4338
4342
4345
4361
4367
4369
4370
4377
4380
4393
4394
4397
4398
4399
4404
4405
4407
4433
4434
4457
4462
4467
4527
4531
4535
4536
4537
4541
4542
4543
4544
4556
4559
4560
4567
4569
4576
4580
4582
4588
4598
4601
4603
4610
4612
4626
4642
4656
4657
4658
4659
4660
4661
4663
4681
4684
4685
4686
4689
4690
4714
4717
4718
4719
4721
4722
4723
4729
4739
4744
4748
4752
4764
4769
4775
4833
4840
4850
4863
4869
4871
4872
4875
4882
4885
4888
4915
4920
4943
4946
4948
4950
4952
4954
4955
4958
4959
4969
4973
4974
4977
4984
4985
4987
4994
5000
5001
5003
5025
5031
5032
5033
5035
5037
5042
5043
5047
5057
5058
5060
5062
5063
5077
5084
5085
5091
5097
5099
5100
5102
5106
5112
5113
5122
5142
5147
5149
5151
5187
5189
5190
5192
5201
5203
5207
5208
5233
5236
5243
5247
5256
5258
5267
5272
5291
5294
5295
5297
5298
5308
5339
5340
5344
5348
5349
5354
5357
5360
5361
5370
5372
5383
5384
5394
5396
5403
5405
5408
5409
5410
5411
5412
5413
5414
5415
5416
5420
5423
5430
5431
5435
5446
5462
5473
5476
5480
5483
5486
5487
5493
5508
5511
5514
5539
5549
5571
5578
5584
5595
5608
5637
5639
5640
5642
5648
5649
5657
5661
5662
5663
5665
5666
5672
5674
5681
5688
5691
5696
5700
5702
5715
5717
5721
5730
5731
5732
5734
5737
5747
5749
5752
5761
5766
5771
5772
5774
5776
5798
5799
5807
5814
5815
5816
5818
5822
5824
5825
5827
5829
5830
5832
5835
5837
5843
5846
5847
5848
5855
5858
5861
5873
5874
5875
5876
5879
5893
5898
5902
5904
5906
5907
5911
5912
5919
5935
6013
6029
6034
6052
6073
6085
6107
6112
6114
6119
6131
6135
6139
6140
6141
6143
6147
6149
6150
6151
6152
6160
6161
6183
6186
6187
6190
6193
6200
6202
6205
6207
3399
6215
6218
6219
6228
6229
6230
6233
6241
6242
6244
6246
6248
6249
4687
6172
6176
6182
6251
6135
6260
6266
6270
6272
6273
6275
6276
6277
6278
6279
6281
6284
6288
6292
6293
6294
6296
6297
6308
6314
6315
3298
6317
6318
6322
6324
6328
6329
6331
6332
6336
6337
6346
6348
6349
6354
6356
6357
6359
6361
3003
6374
6376
6377
6378
6379
6380
6382
2966
3819
6391
6403
6404
6412
6414
6415
6419
6420
2727
2754
2797
2858
3040
3122
3382
3711
3900
3903
3962